2109	1421
1782	306
1862	0
1772	109
2476	524
1370	1224
1627	59
1472	512
1412	704
910	306
2376	783
525	347
1042	901
1986	1149
391	68
1065	864
1785	963
1443	761
1933	251
1580	95
2476	1721
2003	1986
2445	580
1740	915
1765	823
2037	2034
2561	2560
1368	702
904	647
423	315
2081	1705
2652	357
1401	89
2182	525
2202	734
1325	298
1634	1050
2270	20
1914	41
2034	1654
2419	497
1786	1564
2642	16
551	231
1622	1270
2391	2390
2207	1200
1952	622
1894	229
2369	2367
1850	1013
1542	1301
2357	39
498	88
2237	2236
2024	651
1252	867
1666	48
675	94
1016	595
2383	893
1984	438
1195	270
1730	1358
2124	1608
659	354
2460	1599
2182	1838
771	65
2647	1686
2509	1987
1799	1465
885	651
1174	88
2010	118
1257	688
231	179
406	134
2376	1428
2130	2034
2229	809
1090	15
2102	1309
1914	175
911	893
1358	758
1848	1652
2414	2413
609	59
2590	1469
1902	1360
2295	1110
2250	348
1692	503
2143	303
1786	18
1094	89
2292	2231
1602	315
2248	1255
866	40
1358	919
2080	1770
2285	2284
2071	2016
1033	687
1041	609
1386	727
1655	11
2597	1358
1201	457
1548	790
2280	270
109	102
1617	748
1505	530
1725	1712
2280	838
2340	1558
2227	1630
1765	1719
1810	1787
2464	515
2304	733
2274	1441
2515	2514
910	139
306	302
1956	1955
1358	951
2319	695
1940	1300
2261	718
1380	1050
1681	459
2117	386
124	109
1998	1197
1692	574
1839	1655
2394	1399
1623	102
1579	1182
2534	1159
849	577
2492	301
2094	109
1618	1425
1553	371
2122	665
914	875
2541	1591
2458	2457
1847	1013
1488	792
1703	1365
1739	1709
472	448
1722	312
1262	189
2380	91
1145	748
2395	724
1729	1013
1824	1267
1986	1875
350	302
2269	370
1217	230
823	481
1358	1123
1240	706
2367	765
1250	1173
1281	977
2261	1474
570	201
2503	616
1929	1671
1736	155
1701	1636
1121	835
1701	1241
1971	1703
2021	239
2162	738
1816	1810
1360	904
1535	95
1624	1505
887	239
2610	1049
542	306
1907	674
2426	2425
1879	578
2268	1160
236	126
1810	1348
1804	1546
2383	2382
2183	525
2570	1386
1792	581
2538	2518
1394	211
985	848
2212	710
1157	89
2042	2039
2421	757
2025	1583
2030	903
1765	1750
2133	2054
2590	1185
2274	1527
2368	2367
905	389
2059	146
2155	2153
1810	790
1875	1701
1999	1986
2667	45
2154	1224
2148	1101
2673	1257
1570	571
1807	482
1881	1543
2525	154
1195	1058
1354	400
1891	1889
1538	118
1542	1413
1542	1477
2045	1830
2176	1256
1714	1154
2000	314
1611	1462
2291	1682
2215	51
1093	599
1542	776
2238	706
2678	492
2553	728
1801	1072
756	172
696	571
1779	1623
660	139
2623	946
2324	1776
1452	1015
1789	109
1928	1927
710	51
1762	758
1848	1224
1369	1094
2405	1842
2336	1202
1909	1848
1940	1542
1773	638
2009	160
1999	827
826	490
1300	877
2522	657
1783	1623
685	554
1358	59
1276	458
2671	1688
1384	1358
2181	525
716	603
2067	1098
1169	748
2309	1043
1616	56
2055	1588
1936	1413
963	375
1115	1097
2324	1283
2351	1064
2098	2097
1358	609
1568	1358
1486	650
1783	1767
1398	565
613	341
1244	493
806	403
1810	1576
1344	815
1551	126
2594	218
2451	2391
2299	2297
2014	415
2200	2199
1803	354
1584	306
1967	275
1203	382
1983	897
1159	981
2440	657
2016	2010
1284	757
2638	447
1546	687
2365	1565
1473	165
2046	484
1681	1012
1441	648
1843	415
1753	1339
1623	980
2333	1588
1761	4
1264	443
2378	2001
1483	1249
1419	529
1452	1417
1309	415
1245	1144
1914	779
1542	1176
818	415
1996	327
2034	1497
1406	922
1528	1398
2387	299
1869	420
2232	1376
1416	149
1517	74
2241	2207
1006	734
2270	1414
519	306
1845	894
2657	1642
863	429
2501	1092
1933	1300
1664	785
1287	481
2280	1131
2155	586
352	310
1097	854
1536	1228
2580	1228
2498	1484
1821	316
1317	1292
2204	1951
2156	324
1116	568
1809	1806
1450	321
2228	1501
2349	1692
1754	154
2031	903
1367	980
2474	217
1743	1483
817	220
1158	306
1677	415
2265	984
1623	556
1358	1305
409	407
1288	88
1965	39
2396	2394
1068	1015
1754	1752
507	251
525	456
323	55
2206	1952
1063	577
2229	601
2291	715
2096	859
1616	412
1806	453
1655	1410
1115	470
2505	406
1782	1623
1528	1361
2269	392
1204	751
2097	975
596	496
1543	739
1556	888
1894	1049
1358	154
999	346
1623	459
1753	1358
1076	116
2671	1533
2198	1042
1728	961
1499	337
1693	965
1306	364
1414	371
2265	1324
1982	436
1727	1358
392	128
1855	1701
1506	1146
725	440
289	109
162	88
2129	2128
2096	1784
1964	463
2186	1692
1760	1103
454	118
623	140
584	340
1687	1003
87	42
306	138
1444	1358
543	65
2556	1249
1701	261
343	311
817	155
1994	169
1898	645
1848	325
1950	1944
1898	1713
1168	1022
2585	1706
2320	1681
426	306
1050	194
2107	1781
2236	1969
2616	1737
1842	120
1198	1042
973	880
1826	1408
1585	1401
1062	962
1758	1358
1867	1701
1681	948
2446	1716
1626	210
1313	1311
2119	33
2027	2025
2080	1367
720	371
1734	1725
744	580
1154	957
771	55
1093	1090
2181	2074
690	311
2018	356
1570	743
564	189
2001	503
1968	1671
2052	74
1995	553
1169	524
950	437
1986	391
1852	1701
1927	1923
2447	609
1583	1127
1972	1351
2304	465
968	598
1973	32
1635	763
1229	657
2034	417
2100	830
2685	296
549	511
2085	910
473	194
1701	343
1715	1154
1750	1601
2116	1218
1156	65
1083	321
1072	244
2247	281
577	230
2256	1878
1752	1358
1565	1358
1912	1338
2578	27
2244	2243
1257	1071
1701	158
2120	442
1358	1292
1769	399
791	180
2312	61
1789	1015
1771	1623
1868	231
1879	661
2500	1567
1176	877
1358	754
473	243
643	573
2367	894
1358	1339
1991	1986
1358	244
596	175
2121	33
1778	350
2137	1394
2359	480
1834	449
1875	598
1405	229
665	397
1415	1414
2349	1469
2045	1784
1579	559
1572	236
2218	1411
2405	816
698	442
2092	109
655	487
2294	2155
844	264
2358	1469
1718	1103
1616	581
2019	2018
1865	311
1224	778
1309	490
2351	577
1758	580
1701	532
970	16
2248	1461
2302	1692
2467	2017
1542	990
2471	48
1403	1013
1441	454
1810	13
1643	348
1587	1224
2268	309
1103	72
1516	1358
1723	768
1972	1402
507	40
1113	107
1930	1131
1952	942
1752	154
1984	1178
2094	441
906	577
2296	2230
973	306
908	772
2033	740
2553	1911
990	310
2359	1175
1416	718
2474	243
1798	1072
1742	580
1483	389
1635	1628
808	638
1086	669
2083	1685
2113	1077
1224	1131
1624	317
1735	1412
1882	514
1735	1358
139	18
1483	1358
2412	469
2550	1812
797	73
2062	701
1466	1041
1986	1166
854	344
2319	1681
1416	572
415	88
559	472
1824	1183
1457	1456
608	103
2069	1377
2401	963
1976	147
1651	306
1732	1566
1196	1061
1900	645
998	976
1986	745
2375	371
2046	306
1314	1269
1829	1826
2034	1665
2501	1321
2406	2043
1146	36
2247	1086
2117	1846
2464	1102
1922	1416
1901	645
2291	1265
1894	770
2172	1467
487	426
1358	111
2323	344
1998	519
1173	202
2278	850
1257	492
2122	627
737	415
1772	487
158	14
1367	124
1986	1558
1833	797
2446	1749
885	756
2447	2446
1821	716
2182	95
1542	877
1869	1810
1612	764
1966	1703
2394	1420
1553	1408
2388	945
2270	1354
924	808
2271	1441
2171	2170
1258	452
1722	289
1080	771
2185	1133
2175	1761
483	436
1986	1859
2213	710
1366	1194
2217	96
1628	1139
1185	278
2282	1131
2230	938
1604	1358
2046	236
1402	1163
1624	1196
2476	564
2198	751
1942	875
1366	368
1628	142
2525	2220
2394	724
2219	475
2141	1636
2597	1389
2105	517
2356	2211
893	638
2250	1260
1876	1701
2291	377
1483	1077
1432	1049
1501	1487
2313	873
626	372
747	282
2570	1151
2100	803
2291	2233
1874	1106
671	451
886	622
1881	739
2597	1734
1902	1829
1621	1192
1525	1224
2353	1129
1739	1317
1759	493
2017	130
836	708
1913	895
2227	266
2099	490
2197	95
441	193
1416	1008
2673	2671
2464	444
2324	1735
834	131
2514	1154
1269	890
1574	519
1606	819
775	171
1681	695
2674	2671
2576	1680
1997	1347
2041	2034
1986	160
2608	1674
1241	310
493	391
1682	695
1687	246
1954	590
2184	70
2530	871
1387	1190
540	67
1946	1944
2458	499
2434	375
805	706
1776	1499
1623	384
1333	749
1623	1251
745	366
2145	18
1421	1085
2472	456
1791	1609
2181	142
1094	258
2097	522
883	609
1273	1119
1999	285
2466	2279
1802	306
1928	1344
1045	661
1912	1296
1737	1209
1962	1022
1736	817
1685	650
2335	2259
2641	936
2247	972
2702	186
965	964
2082	18
2301	733
2675	2674
1715	1358
1599	1199
2228	2227
2233	636
2155	993
1844	1013
1659	5
1480	1103
2003	2001
1097	470
1623	660
2116	356
2413	1725
1784	1623
2096	1856
2334	174
2274	1370
1383	806
2377	372
963	706
1337	109
2045	699
1919	1370
1483	704
933	534
2034	1448
1256	1016
1775	103
2013	471
2643	111
904	541
696	277
1810	1062
2037	180
873	261
1512	945
1240	789
1072	973
1701	231
1159	729
1837	183
1957	1954
992	596
1780	1624
2034	141
733	94
2162	61
2446	1712
1692	291
1628	65
1358	873
2446	1427
1107	598
2199	1580
1440	869
487	306
1804	1072
732	263
1986	1453
820	800
1358	978
2564	1050
2554	1136
2653	865
1908	1178
1169	439
236	153
2535	1186
2628	67
1542	1340
2095	135
1955	1179
1840	1377
2372	2359
997	183
2045	109
1677	88
2415	2413
1986	1127
1073	316
1394	88
1627	1308
1560	18
2045	139
1952	1654
449	73
1716	1199
2434	2399
2481	840
1464	1359
2178	1309
1957	979
1336	1012
734	408
1072	1070
1574	1066
1195	279
1143	1015
1808	962
2080	1245
2259	1419
2671	428
1584	1367
2450	1077
2045	603
2700	1151
988	868
1960	1903
1443	963
2189	1395
2344	1080
2647	243
2295	897
629	174
2503	1216
2347	1692
553	160
739	701
1701	467
2163	2162
1955	1168
2277	2074
863	794
1345	202
2148	2146
1810	549
732	364
698	33
2515	1154
1692	172
963	29
567	290
1602	1416
1742	526
1787	1624
2151	93
1501	1074
1701	547
2203	1279
2503	2444
2415	915
1798	487
1966	1234
2463	1157
1013	908
654	1
1384	1229
751	736
2331	2329
1534	911
895	440
2359	290
790	482
2099	1526
1158	121
1810	1808
596	41
1816	829
323	162
1479	261
1580	456
1214	1199
2457	1917
2088	306
2189	454
1823	1810
801	703
2175	4
2308	159
1569	1050
834	683
2434	1087
2267	1395
744	223
1358	346
2347	456
1879	490
2277	734
2305	1278
1725	1358
1094	963
2260	1419
1925	1416
2425	2099
2577	1663
1958	735
1376	239
1804	1740
2376	1143
756	240
1934	338
1692	1423
904	132
817	156
2165	1343
321	269
1519	147
2592	793
758	111
1463	276
2181	1388
2011	88
1655	149
1510	1046
2451	1801
2045	153
2097	79
1358	1189
2008	733
1269	753
2082	133
2518	1135
2397	2394
1745	1486
1881	735
1219	45
1720	1358
1907	673
1887	1103
582	444
1358	1041
1055	899
436	424
1526	868
1701	869
1761	1256
269	8
1215	270
1907	897
2085	350
2439	867
1750	1739
1986	68
1030	859
1467	52
1035	73
1743	969
1705	306
737	88
845	598
2107	1505
1950	1272
306	236
1313	1312
2685	732
2189	847
1692	1469
1810	719
1003	363
1755	1731
816	120
1986	1876
1675	1074
1313	573
1972	1652
2305	1818
2018	76
1765	1520
1229	867
2144	137
1789	1618
1299	598
711	252
2117	1894
1720	1169
2129	1111
1913	35
2683	2681
1255	198
2256	102
2332	1125
1282	741
2394	471
2155	749
1739	616
2156	1224
1642	439
1785	1624
1916	1914
2013	88
2392	535
2135	175
2045	2026
2404	1912
2560	1717
1558	1191
2194	1120
2052	1926
973	935
1731	1711
2365	970
1069	239
1417	529
1623	314
1624	589
1441	540
1462	1119
2386	1082
1251	306
2134	1351
1823	598
1776	138
1269	1227
1007	526
2054	525
577	394
816	436
1521	1013
2170	1357
2538	381
1754	326
1789	426
1939	1542
1507	1343
1947	1272
1577	1054
619	239
723	9
2364	667
1840	1013
2363	125
1896	541
553	277
2509	2114
1725	1427
1711	1629
554	118
2030	118
2314	767
2096	2026
676	410
1995	745
850	712
2187	172
1701	767
2476	1169
1101	374
1089	1088
1067	59
2022	323
1773	1045
629	534
1538	1131
719	302
1218	1079
1256	595
1986	460
2015	1309
1958	1954
2367	2177
619	65
846	374
2075	14
1374	748
1444	1307
2335	2001
2386	299
729	669
350	306
2364	2266
1651	1248
1742	403
1555	1470
878	436
2230	606
1902	1478
1534	1429
2316	1343
1624	109
1367	306
844	472
2448	1067
2441	1229
2165	118
1474	593
1428	1202
2221	1148
1872	1701
1763	1736
2359	1171
2195	594
2489	1608
1986	566
1931	1542
807	661
1351	907
984	543
1358	626
637	598
1147	765
1666	49
1743	1358
2361	606
1919	778
2216	708
1358	1072
1701	1023
1703	1234
1552	36
498	356
1821	598
277	160
1345	353
1903	1902
2034	841
1711	1358
308	306
1517	1042
1701	563
2246	1595
1039	827
1549	119
1884	249
2045	1772
2309	210
2358	2349
2241	1957
1762	853
1750	1358
2350	1178
1740	268
1636	24
2407	573
2518	996
663	594
236	109
1899	388
1620	742
2351	394
1762	1358
1763	817
2485	252
1138	82
2352	1064
842	118
1833	1035
2367	1598
1748	1358
2538	1257
1757	1358
2289	444
2002	1986
1810	1299
1118	74
805	275
996	368
1358	902
2132	1683
2267	2266
1392	51
861	95
1434	445
1479	873
1790	103
1842	1655
1045	306
1312	1311
1482	1402
1180	937
1528	513
1737	1358
846	273
1358	823
1701	1665
2533	1201
1464	262
1096	1065
1715	58
2383	924
1136	73
2191	387
1901	1549
1885	1884
1051	442
426	109
2387	1406
2615	332
1610	565
961	799
2651	59
1576	1331
1358	796
550	93
2127	546
1744	1358
2027	938
1781	1623
2457	499
2155	1131
2240	1530
1652	604
297	185
1775	484
2434	963
2023	1512
2187	756
2385	2103
1042	485
604	69
2328	2327
2093	741
1670	1346
2349	1498
1622	124
1518	1129
1810	576
1316	17
2264	1104
1959	119
1800	852
1756	732
1692	756
2133	1695
1971	1966
2436	1507
2406	523
441	440
1810	1095
1542	1177
2130	912
1221	729
1963	1962
2025	1120
1568	154
2553	1368
2048	2046
841	88
1804	306
1824	1470
1867	1846
656	350
1078	591
1668	1527
1313	468
2120	665
2503	403
1674	891
2275	1128
364	154
1779	109
1385	1015
2443	615
1271	15
2679	177
1358	34
1794	798
2681	1390
381	148
1701	1337
2214	51
1358	1145
2379	2002
2354	577
2127	2124
2096	1009
2241	1191
1295	1171
1304	505
2062	735
2405	120
1730	1711
2130	430
2054	1602
1480	1358
2199	731
1167	1070
2077	14
607	298
1828	238
2065	918
1534	1082
2034	1929
838	279
1389	1358
1505	1072
960	784
833	178
1869	277
1510	1202
2605	1348
2166	118
2647	473
576	503
1851	118
2536	1307
957	752
951	328
1101	509
2698	1400
2070	2069
1583	973
2026	2025
934	94
1542	251
711	539
1358	876
2335	1474
1667	162
1154	1007
1586	687
2237	1240
1717	1114
1234	22
1893	920
2147	374
1552	1505
1790	695
1042	6
631	567
2236	805
2557	1610
484	103
845	766
1257	1206
1102	515
1358	764
1571	1045
2466	425
2612	1280
1277	755
2210	104
1566	768
1864	232
1358	645
2520	1428
1956	1954
2283	1131
720	392
2707	2706
2024	885
2473	217
1388	964
2182	1285
693	334
1936	1932
1914	1849
163	47
1167	643
2178	415
952	517
1512	342
2248	837
1413	253
2203	731
826	610
2321	1682
1607	1099
2451	2390
1089	399
2122	2121
1701	215
2079	236
1954	1128
1542	219
417	306
2243	1503
687	290
1141	963
429	196
1054	990
2275	1954
2186	756
2014	88
1740	1725
1939	19
2119	218
1370	778
1805	426
777	702
2143	1367
1800	1072
2344	279
1579	1183
2182	2131
2185	1538
232	231
1682	948
2076	2075
719	306
1747	1148
2381	1666
1743	1412
2453	354
1381	798
812	251
582	140
1967	1703
2325	1991
2378	1018
2376	911
1193	306
1777	1623
2407	643
2136	1671
1358	489
2140	927
876	558
1701	1299
2510	1899
2263	94
2372	687
2238	627
1826	264
2564	1451
1963	1022
2548	582
2351	906
1921	827
1849	1013
2071	1840
180	158
2392	1740
2366	1738
876	834
1416	305
2309	1399
2113	1743
2186	1279
2450	754
1171	681
2577	1235
1134	579
1928	1447
1708	1358
2310	1920
1821	603
1592	779
1224	779
2054	1042
239	65
1051	911
1257	1135
1828	1827
1567	722
1770	306
1542	1300
502	285
2056	734
1968	1703
2394	1174
2300	1196
383	309
2094	36
1966	463
507	402
1801	1505
1731	1358
1769	109
1174	162
656	306
1986	968
1868	316
1532	39
2309	1021
747	540
1871	417
633	0
2332	1481
1987	1295
1951	622
1788	1624
1172	467
2667	2076
1358	501
1825	392
1096	411
1156	897
2221	1317
2089	306
525	415
2485	2050
2043	429
2169	131
2509	1365
515	444
1764	628
1472	756
423	347
1739	53
2282	1351
1273	722
2327	1778
2394	1027
1800	476
2491	1899
733	678
2423	304
589	121
1464	1013
2187	1692
1725	59
1805	109
2180	257
1979	436
2652	2439
1986	215
418	269
2167	957
1013	69
1908	211
1883	661
1072	236
1640	36
1259	356
980	589
1829	1070
2108	1519
1824	360
2140	2139
2476	1596
2388	551
544	456
1780	139
2148	509
1944	336
1926	1920
1602	95
1413	877
388	118
2067	1477
1784	1072
1169	823
1634	82
2326	1782
1815	310
1190	1184
2507	353
2500	1874
1325	1000
2336	1428
1770	1623
2387	638
1782	426
2242	2241
893	783
2682	2679
1944	352
1847	88
2376	813
1628	525
671	441
1914	1905
1892	1889
909	445
2556	1610
2297	1796
2330	2203
1527	331
1880	1269
756	512
1927	1435
2472	667
2122	2066
1445	681
1124	1075
2621	1959
1973	1683
1776	1572
1970	1703
1460	1185
1203	461
2050	1616
1726	1358
836	519
2182	52
862	733
1992	1986
1749	1229
1970	271
1188	1187
2009	1986
2702	1536
1010	443
2555	2338
2349	2346
1910	121
2609	2601
2172	1628
1520	83
1013	181
401	54
2145	2144
1433	1035
2288	2287
1948	310
1358	684
1969	1703
1291	1224
889	800
464	403
1849	1616
598	521
1124	1086
2129	1119
1256	1091
130	88
1533	1109
2246	2243
1103	998
914	150
876	73
2103	1309
2270	128
2109	1396
1120	1110
2508	507
1620	359
1250	202
2507	1250
2409	1057
2352	577
1156	55
885	878
1604	902
2362	442
1919	1402
2422	1920
2393	368
401	104
1464	850
2448	762
2199	456
794	733
894	640
2689	2554
1169	628
456	95
2503	1038
2106	36
306	112
1820	1701
1909	1171
1669	429
1390	856
2359	687
1654	1567
2442	1229
2034	1026
2465	1102
1796	1794
1300	507
1701	1440
1810	962
1907	717
1031	48
2351	1129
2195	663
2253	1697
1896	709
1856	1701
2381	1662
1988	1986
2206	48
580	59
1869	1701
2591	234
1966	362
2176	4
1537	441
2293	2155
2329	397
1013	510
1488	1465
2614	1599
2085	306
1701	699
2021	65
1873	1701
1650	1113
2141	2139
1468	146
2240	1157
2107	399
231	176
1742	1358
2090	1335
2046	2045
2546	952
2140	1301
2152	1224
2451	1757
1944	310
2045	236
2147	658
1690	118
1533	492
310	150
1814	1810
1975	1973
2365	998
2386	885
1619	392
1523	548
2240	1443
1998	191
1546	341
2057	1628
1941	1300
869	232
1978	478
2276	1115
2009	553
1666	606
745	553
1433	931
1802	1072
2105	490
2182	858
2466	1758
2481	610
1344	25
623	515
2394	1085
2596	1745
1827	1826
2658	1642
2330	861
2204	1952
2339	1558
2447	1037
1895	1566
1914	955
817	221
2313	1708
1660	1224
1803	659
1215	1131
2068	1330
2419	1848
1117	434
2513	1684
1759	569
2671	1071
1483	742
1358	689
1477	1098
2412	197
1131	1121
2029	1579
2077	486
743	88
2200	1580
1703	789
1810	351
1797	1336
1882	88
1589	101
1639	177
1997	1986
704	389
364	263
1947	310
2383	299
1217	396
1777	426
1572	306
1220	239
1098	918
2654	403
306	126
502	279
1224	682
787	325
2045	1787
2059	1435
2086	1505
1799	1072
1382	281
2469	365
2519	1365
2571	1386
2419	65
1450	1225
2220	1169
958	306
1457	1019
2541	2303
2295	1655
1677	1309
2534	729
1169	853
1339	154
1914	596
2075	775
1351	262
1620	905
734	95
1986	201
1326	928
1441	241
1650	1360
1542	338
1692	1472
1884	113
156	155
2029	472
1985	438
306	109
139	103
2446	609
1358	616
2587	1046
2420	640
2033	1002
1497	549
2197	965
670	267
2133	434
1473	598
1858	1701
1873	1820
2309	461
1131	436
2045	1337
2555	792
2146	1101
2451	268
938	618
1421	1420
2425	1526
1784	133
1935	1176
2229	266
1400	886
2217	231
2034	1807
1251	102
1914	1675
1810	1004
1500	1133
2451	1804
2450	1527
1590	863
1842	816
505	406
1634	1461
2017	1487
1735	1282
1195	868
1719	1169
2504	2095
598	165
1507	989
2217	2164
1820	1810
1171	649
1494	436
1776	960
1042	1025
2440	867
1256	982
389	359
1830	889
1096	397
2054	456
1535	1351
973	115
1451	194
2187	1472
1097	857
2155	74
1754	1358
1307	804
1358	1281
1408	370
739	393
2570	727
2365	616
2576	2056
2681	361
2155	539
1224	1222
2069	702
1765	290
2010	161
1992	1185
2318	1779
955	175
1358	101
1623	1560
1935	877
2560	1114
2521	2204
2305	453
1361	565
2357	2356
980	121
2672	2671
2230	482
258	89
415	204
1765	1720
2034	691
2063	1326
1598	1093
1980	1979
1653	1369
240	172
1731	1717
2114	1083
2080	608
2642	358
1553	1409
1362	1351
2147	1664
2409	716
838	270
2335	151
2045	519
2028	2025
2558	1249
1540	525
736	734
1843	1013
2004	316
1723	1358
514	478
1742	174
1758	464
1808	579
498	436
1072	306
763	707
1002	740
1941	1542
1131	510
2123	2003
2136	1655
2148	1242
1413	219
2295	2155
2287	610
1989	460
1965	1964
819	364
1701	226
1880	661
2549	582
1904	1360
1868	766
1984	1529
997	182
1679	1316
2288	114
2077	1704
2470	1475
2597	915
2654	1037
1469	756
2317	1403
1701	13
1703	1417
1959	904
1363	507
2394	600
2081	484
2034	1894
2155	1152
1746	1358
1131	242
994	579
413	374
2360	606
1803	1072
2680	1522
1849	447
2068	1377
1844	868
2166	1029
2265	1322
152	43
2044	429
2376	1202
1751	1426
2238	1969
859	487
884	152
2491	1960
2322	1705
1851	1013
2183	95
2667	2075
2291	733
1353	661
1908	1529
2056	1841
1325	327
1869	199
1907	566
1807	429
1701	1052
1778	1552
2648	1532
2123	330
2248	996
2555	1728
1848	1013
2516	694
2056	1680
1604	46
1042	74
2563	1050
1035	915
2679	1639
1728	1358
2527	540
2138	548
1746	1678
1942	150
1297	766
2066	2065
1475	614
2450	1620
845	316
1022	541
2453	1839
1280	449
1986	45
2512	569
2553	1470
1336	86
1038	933
2232	315
1103	53
1481	1042
2080	655
2572	2570
1927	1924
2395	2394
1518	577
739	735
2000	1986
1358	228
2564	1380
897	146
2268	733
964	257
2130	1261
1560	505
479	132
2287	826
441	344
1958	1237
1669	1481
1302	1006
2668	14
1258	644
2168	876
857	470
2499	1117
1679	1247
1358	957
1940	507
1787	306
2215	457
1127	553
1917	1914
848	228
1311	468
740	141
2599	2555
2235	676
964	734
1863	532
1527	415
1140	476
593	415
1765	1358
1182	472
1894	1149
1756	650
2309	1869
2485	1370
1914	1539
2399	1443
1443	1240
1931	1413
2168	2083
1312	904
1568	748
756	433
1927	738
1251	505
1388	734
1905	210
2053	1628
2288	610
1966	1702
1370	779
1505	773
1964	248
854	470
1973	1333
1358	155
2517	2516
1254	657
2685	2452
2370	2367
1348	218
2045	1776
816	483
1801	1035
1940	402
1923	1416
2146	509
1354	371
2249	2130
1358	999
2492	111
1358	90
1152	897
2357	94
1559	283
1661	1013
2219	485
2189	1682
1046	91
2367	1093
2365	391
1358	1149
790	171
1025	373
1358	289
2002	2001
1238	154
1624	887
2546	628
2132	1163
2632	2539
1537	1455
733	435
1413	776
1959	379
1072	945
2324	1282
1531	1264
1701	416
1330	1204
1239	743
1358	929
2546	466
2480	1359
1842	1538
565	513
2132	1463
1911	1368
2327	699
1653	1585
2155	280
2405	1980
1070	728
1441	371
1418	78
2475	2344
1077	389
1223	568
2078	836
1457	649
735	701
137	135
1927	305
2706	169
901	731
1949	310
2508	1941
1463	555
2155	1118
867	657
1569	450
1115	593
1441	1128
2308	482
2356	675
2674	1109
2675	2671
457	51
2405	2281
472	264
2280	242
1832	889
1358	30
1583	1013
1621	1424
1509	1262
1713	88
2291	481
1308	1254
2270	2269
1413	812
2573	2570
2465	2464
1577	1099
1358	1238
2016	88
2238	1702
1352	506
1777	1624
661	344
1725	1070
2032	1336
1935	1542
1986	1023
2269	1619
1884	854
2130	983
1620	1358
1897	1896
1441	1060
1771	306
2539	237
2367	1147
1864	1701
2448	2446
2439	1229
719	303
1380	1379
2590	1498
1781	36
1317	796
2530	2442
2299	1795
2221	823
1216	1067
2573	1877
1948	1819
1762	111
2379	1107
1740	1358
1372	1362
1770	1245
1998	695
1773	487
1649	94
1505	330
1630	1269
399	133
2436	2112
1810	568
2543	1000
1650	107
563	109
1137	725
2240	963
2235	612
1545	368
2486	455
1525	1370
2371	1147
1119	1111
2696	2615
2296	1134
1542	297
2360	2027
452	133
2309	994
2091	218
1721	689
1358	757
1913	1296
1495	93
2355	94
2244	281
1623	126
1155	881
1061	783
1737	1169
2118	1894
2396	504
1358	797
1924	942
1961	1022
1865	1147
1788	1505
1998	1986
2597	1725
2133	276
598	143
1984	1266
2394	504
1810	716
1646	1358
1978	621
665	332
1297	598
1973	504
2580	186
1598	1090
2101	702
2681	1449
1228	186
813	339
588	33
1283	1282
2034	1319
2464	1795
2403	836
2083	505
1950	1605
2108	693
1430	632
1232	624
1874	1567
2202	2181
667	456
2456	817
1616	539
688	492
2117	770
1652	498
60	37
2169	2168
1173	353
2083	752
2396	1420
1743	704
787	55
1817	1810
1718	1358
598	201
2080	112
2033	788
802	121
1780	1623
2497	388
1993	1986
512	172
2559	2308
2071	725
854	203
1971	1702
2416	1152
615	59
1320	1050
2194	214
787	438
1981	1526
2301	2008
1448	102
2412	1997
2035	733
1785	317
2089	2085
2056	100
1577	1334
2045	341
2488	85
412	56
1149	985
1966	946
1383	403
1795	1794
1780	1773
781	218
1489	1004
1977	1526
2240	2238
606	531
1157	963
2154	1660
183	182
828	444
1927	405
1735	562
2580	1536
2133	2131
1095	230
2155	1224
1892	1580
1103	796
2707	598
2547	488
1740	1627
2317	25
2052	1042
2172	525
2272	1441
2394	1421
1325	1095
1583	366
1080	697
1911	945
1358	613
1413	402
1907	1906
1902	844
2025	149
491	190
1983	55
2269	1903
1358	831
153	109
2260	1417
1842	1013
864	104
286	33
608	191
2169	683
1293	65
1671	210
2380	2123
1986	1873
1716	1358
1742	1427
2399	2240
1317	1040
2213	51
1710	687
2646	194
1276	1022
728	644
1478	694
783	638
581	454
2464	584
1049	866
1932	402
2644	1885
2677	1257
1919	1224
1634	1349
1524	434
2177	398
2151	1224
279	270
1215	1203
1986	1709
2307	1067
1265	733
2668	2075
1841	736
2391	1740
1169	1040
441	70
2303	45
1743	389
809	548
1358	246
2078	236
2492	1169
2596	1725
2685	1718
2540	2539
776	402
1410	1121
1869	205
2268	1278
2112	1690
1701	1334
2136	1121
2534	605
356	211
2642	1756
1243	1041
1765	1744
1692	240
1857	1701
1733	1072
2385	2152
2390	1041
573	306
1701	1453
1986	1574
1819	1810
2579	972
1946	310
1921	1416
1183	472
1827	1409
1745	1214
1388	257
446	118
1761	1721
2422	847
1133	1131
2493	855
2306	453
2238	151
1676	1074
2289	584
1960	1360
1693	1391
2045	1791
2048	2045
210	164
1072	958
2227	1399
1668	355
1986	681
1091	982
1825	1824
2519	2114
2217	175
1203	424
1740	1072
1013	836
1952	1951
1914	830
1798	329
1758	860
1656	1367
2520	1429
1577	1055
2189	1926
544	74
1795	798
2195	1333
2367	15
1978	249
2530	936
347	81
1798	1656
992	496
1287	1164
1723	565
2640	1519
1271	599
2139	24
2199	544
1341	868
1751	1358
1290	212
1901	119
2556	626
1105	578
1577	1221
2067	2065
883	227
1798	306
2018	851
2360	27
2671	2249
1775	350
1955	676
1663	1119
1710	372
2142	2141
1961	801
2501	1106
2450	389
1889	1531
1158	814
2077	1020
2169	1546
1268	162
618	288
1734	1169
1986	1434
1670	519
1788	1015
1142	973
2472	1017
1499	1358
1385	714
1721	1687
1959	132
2000	160
1079	210
2024	478
2137	1487
2326	1998
1945	1944
1954	1441
1766	1750
553	366
1483	1072
1849	412
1966	1569
2534	620
2671	1206
1653	1094
1072	20
1986	335
2493	2398
1267	645
1765	1755
1641	833
2015	88
1661	109
2201	552
2444	16
2126	2124
2008	1986
2381	2001
1605	1054
2045	133
1551	306
1975	1224
1367	484
2202	736
1103	748
2417	2416
767	54
2379	2001
1955	807
1475	1017
1645	989
1817	733
1262	564
211	164
1483	1282
2118	229
2212	708
1743	742
1498	1469
1179	410
428	368
1914	1592
2182	2172
525	408
2219	1838
519	109
2614	2442
1575	473
2249	1257
1742	1154
2059	718
318	109
1912	1704
1825	1183
973	454
1889	429
1950	1948
730	398
1080	149
1358	1154
2501	722
459	153
863	38
1772	306
1732	748
2336	1046
2663	1605
1017	591
2045	306
2478	124
2025	572
1115	203
598	24
2198	964
1960	1904
2497	1578
507	253
1810	795
2338	1558
2373	267
586	74
2530	2515
935	451
1358	1103
714	148
2066	1098
1224	1110
2423	2151
2059	1906
1272	310
672	376
1583	1120
1635	1158
1358	853
2668	45
1043	21
1981	436
1011	741
1319	186
2004	180
447	56
1067	936
2109	1085
2677	956
483	120
2126	1111
2197	1388
2706	165
1031	788
1315	17
2228	1396
2216	1724
1702	1240
1683	1464
1904	1902
857	203
2530	2440
2249	2248
1358	970
2141	24
2307	482
1610	687
2349	1185
2649	2457
2673	492
2691	71
2275	1441
2189	69
1264	248
1765	825
2227	1269
996	428
1661	454
2033	1336
2611	1239
1135	1071
1765	1492
1796	1795
1810	481
1749	1742
1772	1623
1717	1358
2247	2246
1507	118
2305	309
2196	2181
1530	43
1033	173
39	22
573	505
1177	877
1713	1696
1572	836
1172	304
1158	302
1766	1358
2216	457
1169	689
2190	2022
2680	2594
1214	337
2023	651
2579	1086
567	536
1176	295
1914	1464
2395	1396
1100	598
1724	768
1772	1564
2041	48
1214	73
1799	306
1495	437
2613	1095
1702	1234
1358	170
1807	962
2243	1107
2347	544
1778	1771
1115	809
2597	2415
2400	963
1747	1358
644	596
687	173
441	129
271	166
2068	861
1527	60
2080	1459
1538	1500
1769	544
1807	180
1047	1042
2252	2251
1401	258
2486	1684
1002	622
2475	1928
2266	1395
514	120
2162	1080
2154	1291
1882	516
1538	1133
382	191
2357	2355
1628	95
2668	2667
1454	2
2163	1303
809	266
2418	572
1258	505
1974	578
2215	1724
598	547
1632	16
1011	831
1347	281
1677	191
1862	926
1039	885
2684	1349
1279	731
24	17
815	88
1455	441
1598	640
2143	1777
1846	1701
1799	1701
2247	1325
281	8
2472	591
1830	1513
2007	1986
871	657
1296	440
733	383
1779	505
2388	1914
2675	1109
1358	341
2145	2095
586	94
2041	788
2495	1130
745	160
1332	621
608	306
1748	1281
389	344
2220	1148
2375	1404
1885	661
1573	598
1839	979
565	244
1935	1177
1603	968
2099	868
2519	2509
2269	20
1592	1351
2576	2311
2060	735
2208	1483
1641	637
1359	181
1990	1986
2245	2243
2122	332
779	778
2394	2228
1931	507
1343	836
1294	352
1978	436
1869	465
1914	921
1656	306
1682	407
1719	1358
306	294
2485	1851
2558	1610
2197	734
2122	196
2281	1131
2051	1926
2538	450
1118	1042
2145	1512
1559	1260
2564	1379
1232	1083
2114	386
1692	1514
1358	68
1389	341
1441	265
1342	1230
1610	312
1729	1568
1765	580
2333	1047
1211	254
1351	604
2292	2291
1697	1522
1160	38
2071	1435
2330	2329
1510	1162
1309	995
2123	2001
869	598
2344	2343
2168	1033
1294	733
862	38
1475	888
2325	1768
1986	899
1681	407
1973	490
1839	11
1705	1624
2339	1191
1933	1413
2564	194
2110	1421
2290	1207
849	394
1878	661
1629	5
576	574
963	805
1894	536
2034	158
2418	65
2428	2427
1664	607
1174	815
1986	179
2568	1023
2418	2021
1927	146
482	218
2584	876
2637	2120
733	401
2335	1481
697	30
1222	925
1776	1735
2502	858
1073	985
2064	1996
1870	1701
1765	1040
1768	1623
2172	52
1160	794
2078	1776
1506	1229
2427	37
2348	1692
1154	223
747	113
1689	155
1171	510
1358	173
1927	769
1636	598
2306	1818
1898	379
1513	567
1483	1412
2443	1742
1759	1358
2325	508
1977	436
1986	476
868	838
2147	2146
1995	1986
1250	650
2054	1540
1912	995
903	446
1701	1479
436	433
2139	1636
348	320
2241	1503
1625	1013
2073	1602
956	492
1290	1213
1839	1204
2211	1065
2326	878
300	88
1623	1144
1616	1402
2124	1611
879	397
2045	126
933	883
2185	1500
2185	1131
175	41
1309	88
1640	306
973	277
1961	703
376	220
2520	1484
1741	88
1423	591
2130	791
1062	733
2248	1257
1570	696
281	101
1956	807
598	157
2055	1628
2262	1143
1542	1334
1622	1289
1986	1704
2115	386
1763	1358
1154	357
1358	1205
2495	1641
2492	758
1935	1413
2366	46
2582	1862
1174	415
1659	1629
1713	1358
1812	1810
2125	2124
1855	1171
476	10
2400	43
2034	86
1733	1358
2276	868
1237	735
1271	1090
2009	745
1865	1701
2335	1385
554	306
1358	364
1131	838
2450	1743
1870	598
2547	515
1741	1309
2286	1549
1013	880
1096	401
1483	562
1882	1309
1731	1169
642	591
2359	1834
2582	1166
2486	2147
2593	1741
2221	2220
1171	1092
1756	1632
1501	116
1358	985
330	91
2202	751
2363	1555
2112	118
2320	1682
2614	723
1757	957
1632	364
1645	795
1746	1281
2364	2051
2003	332
766	598
1769	1623
2423	518
1051	893
1317	1306
2238	22
1950	1815
2087	1335
2035	2034
1791	1197
973	176
1507	446
2164	87
1660	1291
887	306
2104	516
2395	2228
2645	29
2452	2451
2133	1463
733	45
2289	623
2530	2439
1483	306
2182	2180
2327	1490
2462	1442
1700	1441
1608	546
2040	33
1834	1833
1724	1723
1701	201
1695	1463
701	129
2102	1912
1162	245
2418	57
2084	350
1127	745
1917	454
1815	1810
1620	1483
1697	1119
2063	1325
350	308
2112	255
1973	779
2130	1889
1623	581
1724	1358
1888	1103
2459	760
1180	505
1871	1701
2491	1360
155	90
2382	1158
2394	88
2333	1042
2464	828
2358	1185
1441	590
1483	969
1072	189
2518	148
2155	1203
1351	69
2018	621
1068	810
2049	142
2035	1324
2408	1693
2495	833
1132	311
2034	1273
1999	818
1494	88
1618	1015
2480	331
1909	1131
2358	631
1982	130
1120	1013
1332	436
2162	30
2248	1071
2371	2177
1623	542
904	379
1358	1070
2290	1102
1902	1899
2348	2001
2034	14
2329	2095
2071	1592
1953	1470
2156	651
1986	1812
1973	1482
1851	1224
1695	276
2180	81
1705	1289
2110	1085
2001	91
2387	1046
2153	1224
2126	1235
1490	306
1012	695
2351	849
2444	1710
2497	703
2001	1986
1558	792
1080	61
210	55
1638	831
1557	650
2039	1889
2291	2268
711	496
2017	88
885	436
2122	91
1664	455
2595	833
2608	891
2487	85
1682	1012
1427	860
2197	2181
2591	1552
2424	1839
851	88
1262	567
1710	1358
2083	367
1722	1358
1282	905
2117	1508
843	505
1785	109
1279	901
794	429
1699	1505
2182	415
1358	337
1305	466
1257	996
1925	1042
2083	1557
1329	733
993	702
2122	2040
1714	1358
928	327
1538	643
2130	1890
1725	1072
2542	843
2445	464
2093	831
2441	1599
2294	1141
2207	979
2016	973
2107	36
1196	943
2606	670
2385	2102
2163	1073
1945	1272
1739	1358
2649	1915
751	734
1309	1288
1655	1131
2388	728
1190	37
1395	679
2451	367
1978	514
1117	80
1205	319
1894	1508
2402	781
1654	835
1470	1070
2335	627
1986	743
748	274
379	132
1503	1502
2168	1726
2436	2031
1355	1171
1763	156
2155	1535
1422	837
334	95
1160	733
610	114
2466	533
2641	535
1708	467
304	279
2517	941
540	113
1518	1063
2126	1119
1623	1561
1618	429
1950	1241
1823	1126
1020	180
1735	969
105	59
2391	489
711	644
2020	55
2135	190
920	316
374	273
2589	1185
623	584
2149	374
2511	2203
859	762
201	24
2146	374
1957	1441
1415	371
1292	689
1527	860
1358	156
2653	1920
498	437
231	197
2083	1483
1774	1623
1809	962
1986	1697
1952	1002
2282	2164
1606	764
2372	480
2070	1377
2146	1242
1245	542
2086	306
2072	1602
1160	863
1104	597
1797	1012
1257	428
1950	1432
1358	748
668	436
2582	0
2326	1142
1653	43
1781	306
1067	170
1216	526
950	93
2501	1874
1125	1042
1778	1367
2293	921
1670	303
1650	971
1403	465
1920	69
2201	95
1630	737
1358	882
1562	1358
1777	133
2025	671
476	306
1303	979
1358	1209
1913	440
900	811
2190	454
1810	1581
1530	89
738	30
2490	2263
1861	1701
2436	989
2524	2336
2113	1483
2403	2402
779	702
1250	328
1938	1937
2281	1842
1175	987
1859	1701
2367	1090
1495	645
1726	1483
2251	121
485	62
2575	1008
2405	483
2707	165
657	357
2080	1311
2668	486
2444	1742
1275	405
1628	1117
1849	56
1410	1203
1847	415
1869	1097
693	95
567	110
2074	1602
1850	666
949	523
2620	1925
442	196
206	71
1760	1358
1980	816
2651	105
2034	1270
1358	1169
1949	1221
627	442
2476	105
971	107
705	429
711	414
2599	1728
1667	438
1051	33
1464	181
1534	1519
1218	586
2346	1469
924	638
1732	1224
236	138
871	867
857	854
1542	872
1314	890
1336	695
1926	69
1176	507
519	416
1153	258
1937	548
2555	961
2592	1903
1358	326
2078	306
2498	271
1546	1358
1989	1986
1926	1042
2385	2304
1139	52
1926	1416
2519	2115
1623	133
1448	1251
1699	1065
1740	1035
2286	1901
1706	558
1797	1072
2398	1662
2545	10
652	1
646	119
1943	1542
465	349
1364	40
1129	577
456	142
1927	1152
2233	2182
2180	525
1895	645
795	603
1810	27
1846	1013
1818	1810
2111	711
1827	1553
1761	1358
2126	1608
1158	589
1240	258
2290	444
2408	434
602	378
1666	2
1262	1072
1934	1413
1520	1103
1829	1408
2551	269
415	300
2083	650
1482	955
1598	1147
1373	1003
842	87
1628	1540
842	161
2198	2182
2607	1003
1775	1623
1671	1614
60	55
2004	1986
1533	726
1834	800
1776	1283
133	109
2045	215
1665	1615
1273	1111
1147	1090
1756	1358
2070	702
1834	372
1537	119
1505	36
2450	1284
1893	1889
2306	1278
2671	1109
2263	1015
1502	1200
1169	111
1494	897
2003	185
527	423
609	534
486	435
1645	1343
2337	2259
1745	1358
1521	98
1918	1914
2282	1655
766	316
1432	1054
965	839
1602	1204
588	442
1297	316
2178	2024
1854	1701
2656	2522
1372	42
1628	1042
2071	1566
2663	1432
565	427
1107	605
373	6
1529	1115
2358	1460
1550	748
2350	1529
1979	1842
578	266
1701	335
1441	750
1902	448
1857	1708
2418	1293
2445	1742
1729	1358
2332	1669
1772	426
2463	584
2034	224
657	513
2216	2215
1914	69
2109	1975
1358	73
2001	429
1006	736
1623	910
2201	2199
1745	1589
1765	1711
1397	861
1535	280
2407	1313
963	258
1805	556
1416	1118
1081	1050
2091	306
1793	798
1740	657
1104	725
1300	812
1248	603
2071	755
1903	840
2001	574
598	48
2250	283
1860	1701
1973	822
718	437
1088	741
581	118
2427	349
2168	1586
406	350
1344	724
1838	1204
1322	63
1678	833
2168	1557
1688	1639
2350	1417
2073	901
661	97
1358	708
306	103
2175	982
1253	308
833	207
2080	306
2418	239
2248	856
2125	1273
1072	773
1329	78
1627	1229
1189	558
1894	1215
775	180
1858	899
1886	1103
1857	304
2370	2368
1343	255
1805	306
1701	143
1171	687
644	41
1020	218
2469	1475
1358	744
1729	657
1751	73
1614	210
1529	1266
1874	722
1828	1408
1599	1358
1806	962
1943	1340
2627	929
1463	490
817	90
2563	1081
2596	1589
2493	2471
1871	102
1450	1083
2321	2266
1416	30
2126	2125
2112	2030
2034	1891
598	480
2126	1273
1892	1669
815	55
2125	1111
973	630
2460	760
2129	1273
1224	586
1548	171
2523	657
803	528
1764	1358
800	797
2574	1186
2144	135
1976	1973
2205	48
838	242
1936	507
2388	175
1924	1416
2227	634
1973	1637
2011	733
1282	684
2345	1692
1930	1927
1413	338
1343	118
2278	1359
659	77
1701	664
1896	793
1243	1150
2200	95
544	399
1914	1676
2446	1216
2468	2467
1727	1714
1870	157
2212	1392
2684	1320
1716	1214
2182	1515
1346	109
1727	188
2025	1498
2091	2075
2112	711
2117	2115
1779	1624
2470	614
2214	1201
1358	1038
1209	64
1975	1676
429	38
1797	306
1304	1180
2006	1986
2588	2114
1902	264
1161	110
1953	458
1826	1824
1287	59
1676	1675
1349	39
1538	747
1429	1428
1703	759
2293	1535
2176	595
1719	1317
2090	656
2176	1382
2100	1184
2181	95
1936	402
1079	55
1360	541
2538	492
2071	2015
1995	1583
1704	383
2496	2290
687	480
1981	490
2558	626
1413	251
2084	409
1837	1768
973	252
1705	1193
1798	1782
1882	661
2056	1628
2005	1986
2087	306
1738	466
1527	88
1346	519
1526	1224
2085	1490
2283	1382
2127	1119
1761	223
2059	1008
1229	1155
1211	507
759	733
2678	1135
1415	392
1909	211
2183	2180
1986	1095
1446	1445
2383	588
1966	1010
1998	109
1486	1035
1775	306
1908	415
2176	2175
1851	1661
2528	826
1914	1525
652	470
1701	874
1983	438
2465	515
1874	1701
1068	984
1945	310
763	693
2485	1592
2681	209
1645	1507
1300	251
2188	454
2120	33
1894	1655
2055	1042
2380	2001
1358	357
2464	2289
1483	359
1986	2
2199	95
1848	1376
1254	1229
963	203
1662	48
1810	1107
1994	1986
1623	452
1850	415
326	154
1317	1148
2671	726
1903	709
2463	340
2025	1357
279	32
1342	1050
2348	576
1986	792
1316	927
1976	502
1908	88
1873	603
2083	1550
1304	937
678	377
1914	1674
1958	1441
2029	1543
1957	1355
2456	672
2315	1344
1782	1772
2504	137
873	767
1950	1054
1974	1973
1795	828
379	119
923	620
2546	5
2095	109
1093	15
1950	1947
1303	1026
1199	881
507	254
2285	451
1721	105
1519	1511
1346	306
2518	1257
833	345
233	128
2442	867
1851	693
2045	1248
2450	2113
1002	141
1911	1296
1737	64
1354	1183
2286	2285
1941	507
1907	210
2648	243
2528	1226
736	95
2581	449
1028	661
2276	1844
1464	712
1169	188
1529	1417
1789	1773
2395	1501
1631	736
2238	152
1471	1358
1689	156
936	246
1701	318
1542	812
2194	324
1849	1487
2217	2023
1791	191
1123	1103
822	702
1623	139
1759	239
1646	1471
2045	318
1921	315
1729	1625
1701	633
1341	1224
603	79
527	81
1822	1810
1927	1218
2485	1792
1095	298
1558	1014
1980	436
1285	711
1013	334
1956	1226
2024	1332
2298	2297
2036	2034
1207	1102
306	139
243	217
1509	189
2059	405
1952	788
2234	1515
2359	1189
1986	151
2543	269
1945	875
1301	598
2169	1547
1703	963
2356	934
1500	1131
2599	961
2182	1139
743	160
2221	1739
2248	1545
892	310
1714	1169
1986	1870
1519	1015
2178	76
2182	239
1472	240
1914	778
1303	746
2365	1709
827	324
1685	957
2645	1443
1707	1441
2463	89
910	239
2524	1202
910	887
2218	1459
782	245
2493	157
900	639
891	645
2036	833
2374	20
2383	1635
1301	25
2648	2473
1682	733
851	415
2375	2270
1755	1358
581	306
870	577
1143	783
2480	712
2252	1158
1708	873
1235	1119
2312	1333
1358	1243
2387	271
2279	565
2698	1573
2048	306
2679	1257
1534	1428
2340	2339
419	349
1756	364
2248	348
1623	719
2507	2221
1811	1810
1478	1072
1732	1358
1740	312
1316	1301
1701	157
1779	306
332	2
1787	109
1358	686
1748	1103
2310	21
1119	870
1761	1205
306	153
2168	834
1894	1479
558	73
1602	6
1888	1737
1640	350
746	281
1358	1284
1818	733
2652	871
2523	867
2034	49
1528	565
2216	2212
2195	2194
1000	281
2365	1738
2238	2237
1916	907
156	90
1908	1677
698	588
2334	1725
1606	364
2430	570
565	526
2235	1955
1442	432
1877	1701
1763	155
1358	552
1618	1143
2671	1257
1702	463
2178	737
2650	960
1670	308
714	48
458	193
2000	267
888	614
1637	702
1986	519
935	661
913	220
1964	1906
1973	252
2124	1119
1590	794
1182	559
1135	996
2689	2459
1841	1013
1555	458
1819	1581
2205	788
1488	411
2080	487
1501	1399
1401	1153
2580	972
1814	482
1529	1178
2366	686
2026	487
2182	2133
2034	382
2630	1957
1416	74
1810	1121
1623	153
2194	2193
1493	429
2357	1846
1693	1524
1628	597
2113	711
726	177
549	230
796	764
1557	957
698	286
2691	206
1561	102
2352	1129
2045	563
738	405
2232	2182
2419	74
1284	1103
2047	2045
1147	395
1914	1485
1919	1914
2393	1634
1063	394
1483	905
1920	1914
1826	1409
2388	1377
2086	1089
1409	360
2076	180
2539	2242
2464	623
1358	53
2367	395
1933	507
1090	640
1914	506
2302	733
1681	409
1131	490
819	154
2329	137
279	242
1634	39
1528	427
2516	801
2134	921
2425	1341
1703	22
1065	85
282	67
1072	342
2178	88
1947	1945
378	148
1984	651
2472	642
1484	299
1710	480
2094	2086
2	1
1284	998
1413	507
1505	1146
2109	604
1468	1275
1831	824
1667	651
1106	1092
2331	2144
2061	735
2143	1787
2295	86
2077	2075
1013	471
1996	1986
1425	1015
1942	1542
1226	807
2154	1587
1037	403
1373	518
1753	154
1745	73
1831	889
1009	306
1998	1781
2137	1671
732	296
1954	1901
2645	258
2414	1200
1718	1430
1458	982
1331	310
2045	1651
1773	1623
2492	1765
2076	218
2383	1484
1912	1609
704	562
1985	437
1013	530
1929	1927
1169	301
2004	1987
1742	533
1284	902
1134	835
2385	191
2499	1524
518	32
1610	244
2424	195
2072	1395
2131	1463
2130	2127
1536	186
1296	895
1918	506
2284	1901
2156	2024
1064	394
1670	133
2047	294
1910	1296
1676	1501
2017	815
2163	1502
2113	704
998	978
1914	1359
2390	489
2543	2247
1619	1441
180	159
2248	1135
488	444
2250	1138
970	364
2182	2072
1701	1075
2021	55
1950	336
2273	1441
1358	1287
523	429
973	671
1103	263
197	179
899	297
1607	1221
2045	1448
883	629
1443	1094
2205	1952
1542	216
1022	379
1360	647
2371	2367
1531	443
2125	1119
665	576
1015	698
2699	2630
2184	441
651	55
2210	864
2121	2001
2503	2445
1417	963
2018	815
2248	1366
1980	1842
966	415
1296	35
1701	24
1703	463
2466	1007
1624	409
2383	814
1701	235
1003	598
1837	997
322	228
1909	239
525	142
1922	1008
2140	17
195	94
2011	25
2052	544
1581	310
1583	376
831	741
2197	736
610	109
2074	95
1736	1358
1373	848
2296	313
1413	1340
2382	814
2136	737
408	315
2353	577
2177	644
2034	1002
1245	306
1915	1914
2118	2117
621	249
1712	1358
1293	1013
2034	791
1750	1520
2399	43
1607	1542
563	318
2450	1412
1914	604
606	27
2682	177
2140	1679
666	518
2282	2135
2339	843
2025	2009
1307	922
1955	1954
1725	628
1308	1229
1045	109
2038	293
1701	729
1958	1884
1962	1276
1246	857
2241	500
1720	1317
696	88
1778	1624
1580	544
1914	1079
1399	1396
1452	1336
2094	530
1443	1350
1725	687
1470	801
2206	1951
1890	1889
2269	1415
1778	1623
602	148
2614	9
1766	1739
1879	1526
895	35
1953	1555
1653	89
2506	114
1886	1739
1189	73
1160	401
1223	1116
889	820
1130	833
1410	897
2596	1751
2317	1928
1693	434
1765	501
1973	666
1741	1358
1871	228
1810	511
2238	1703
2021	1628
2027	1239
1382	218
1721	687
2066	1477
935	854
1542	402
1735	1483
1392	710
1950	1946
1873	935
973	682
2616	64
2178	1979
1975	1370
1513	760
1868	1701
2128	1119
2367	1271
831	136
1952	1031
2034	1889
1271	1093
2268	383
1623	608
1725	557
1199	859
1749	1358
2451	2389
2147	455
1805	1072
1426	760
1850	32
756	256
525	423
2504	2144
1065	104
2612	1516
1950	875
1192	733
423	81
1262	110
2389	1740
454	441
893	814
2077	2076
1790	1609
1908	1474
487	112
1625	1309
2384	1655
790	180
2678	1257
1701	784
1866	633
1269	737
1830	1067
1154	744
1996	8
2390	1740
1987	1986
1124	669
2383	808
2308	531
1253	302
2515	246
1309	61
2039	2034
1966	94
2236	151
2022	454
2319	1682
2117	1867
1898	755
2216	2214
1838	95
1975	1421
2430	201
2126	870
1358	819
1131	836
2020	323
1688	1437
1734	1358
1039	436
2251	1158
2518	381
459	109
2132	1482
1604	1284
365	260
2259	1436
1029	118
2044	2001
1955	1226
1213	607
2318	1681
2472	192
2283	575
1395	948
1916	1535
970	466
1652	725
2309	1268
1597	432
1794	1381
2671	1135
2498	299
2176	1091
2034	1614
2444	580
1586	173
1950	1334
745	743
2342	1259
1405	1053
1894	261
2670	1194
2018	1658
1950	310
1856	1335
2198	2055
2051	1042
2103	1912
2314	1708
534	227
963	43
1929	1268
2053	52
1812	482
1732	88
1543	735
2073	1042
2122	1051
1914	1362
2110	2109
1841	408
1585	89
2370	2369
1358	174
1665	962
1256	4
884	89
598	519
1491	1320
2464	2290
2515	936
655	306
2153	973
2494	417
964	736
2655	2654
2435	2401
2304	469
2089	350
2440	1229
442	286
1415	370
640	395
2106	2094
749	274
2706	1473
2651	2476
1907	146
2220	1317
1468	1416
1274	239
1709	1358
2248	428
1122	458
2581	83
1765	1562
1958	1881
2434	2401
1441	720
2260	529
2450	704
1065	401
1798	958
2175	1256
2385	995
1824	448
2464	1530
1401	761
1296	728
1000	972
2464	1207
1782	350
2601	1488
1623	350
2123	2122
2228	809
2054	95
1705	487
1597	320
1821	1810
2258	1290
1742	1007
1314	514
2130	691
1869	203
1508	1405
2353	906
1616	447
1738	1358
1699	484
1588	1047
1899	645
2477	2006
1687	28
353	202
819	650
2045	1013
2010	88
1810	482
1655	1121
316	143
2038	2034
1881	661
1583	553
1503	979
1798	1584
1767	1623
2090	306
2040	2034
2248	1138
2063	1996
1946	1945
1733	831
1623	887
2656	1252
687	565
1358	580
1315	1301
2049	80
1416	6
1577	1542
1988	396
1183	1182
1482	1464
1842	1203
2449	1523
1810	1809
512	240
1016	561
2239	2238
1701	1212
2045	1852
498	323
2034	1336
370	128
1912	1174
176	109
2311	2056
1307	802
1986	71
1958	739
855	811
695	407
1906	210
2042	2034
2246	2245
1229	871
2056	408
2249	368
2083	957
1237	739
2500	722
1616	118
1353	97
620	469
647	541
2329	2144
598	316
1483	754
2579	1225
1221	981
2335	1519
255	118
1431	998
328	290
1810	230
2179	440
2343	30
2282	816
2450	969
1863	1701
1970	1702
2448	609
1878	102
2025	1110
2387	1510
1721	228
507	219
1187	895
1566	1199
1986	366
1973	1525
765	640
1813	1810
1828	1409
1156	771
1803	77
2614	494
1786	1624
1016	4
1864	869
2323	1444
2535	2534
2277	839
1087	89
1810	1331
1358	1040
2252	121
1053	229
2524	1428
2552	2306
1579	47
1338	1309
1829	940
2199	901
1219	78
1522	39
812	507
2138	598
1745	1725
2196	1631
1880	753
1583	1224
2385	1338
1701	205
2280	279
387	231
2451	2392
1880	479
623	444
1426	480
2034	617
1824	645
1441	50
1701	1323
1602	100
1703	1702
1826	448
1624	384
1431	976
1966	1964
2084	306
1213	1084
1558	879
1902	793
1776	337
1413	872
1950	892
2450	562
1358	1229
2394	1396
2375	20
2383	1051
1862	1701
1884	661
2054	1139
705	617
2451	752
979	524
2034	1968
2199	2186
2216	421
950	645
1822	1811
1337	563
1658	88
2064	327
1723	73
2019	973
1177	295
297	201
2016	842
1906	1703
2130	1891
2279	110
253	251
1701	1100
2146	846
542	484
2707	1473
2240	152
1866	1701
875	310
1702	1365
1758	1742
1966	443
2585	558
1694	333
2608	1900
2346	1692
666	279
2199	680
552	524
1481	1015
1242	1101
1349	1320
1810	835
1013	506
1358	72
1367	1196
1912	435
760	567
2006	746
1894	1405
843	548
1072	417
1444	154
2442	657
1042	373
2213	421
1169	1145
2376	1061
610	234
2203	1801
718	438
2123	91
1038	565
1358	687
452	306
1358	333
2262	1015
1219	994
2349	1460
1267	647
2508	1300
1675	1013
1932	1413
2124	1273
1845	1013
1388	736
2079	126
2490	94
1810	224
792	218
1358	524
2359	797
2532	460
1941	1334
1701	216
1530	1369
2176	982
2045	308
733	218
2057	525
2444	464
2359	1433
2101	2100
1853	1701
2509	2247
1542	918
257	80
1266	255
2054	1628
1974	737
1099	1054
927	17
2617	166
1837	1330
2679	2670
733	377
1329	994
1825	472
830	661
1499	1214
2359	1136
2165	279
1358	466
2093	109
1776	1282
2405	1979
1414	370
2096	937
2034	1983
1340	872
2012	88
429	86
2138	944
2012	272
1738	1709
1265	377
1448	505
1993	849
458	125
306	124
2578	2360
2598	329
2120	2040
2063	928
329	306
408	347
541	107
2079	1802
985	760
948	695
1919	779
1194	368
2522	867
1903	793
2090	350
2670	837
1550	1358
420	199
1826	645
1785	808
1492	1358
88	76
1856	306
1776	1623
1230	1050
1633	1096
896	465
2155	1143
1936	1542
2254	1146
2088	1797
2667	1020
2518	2249
2045	1856
1022	132
839	485
1986	232
1421	1396
2306	2305
1317	689
1672	186
638	271
2231	2182
1303	95
2642	364
2041	429
1692	512
2034	1812
2303	733
2667	486
2336	2335
2425	1622
2356	2355
2423	279
2257	1728
1462	1235
1169	552
1026	916
2609	411
2401	375
1888	1887
1623	112
1683	181
1702	22
1721	1358
1189	1136
1446	681
2645	706
1416	61
1663	1462
2063	327
2495	2494
1042	624
2075	1020
2399	963
1080	738
1644	1013
2305	1909
1903	1897
519	387
598	297
2186	901
1552	1089
1413	1363
2176	1016
1577	411
2435	375
2110	1975
1782	487
2163	1348
1599	110
1531	248
911	33
1502	1382
969	704
1192	1062
2285	989
2531	1026
634	300
1841	734
1644	415
1701	232
2307	1742
2553	748
647	468
1666	1662
1813	1424
1864	598
1309	851
1986	673
2448	1041